ROOM 10
0,0,0,i,j,e,0,a,b,0,f,r,q,0,0,0
0,0,0,h,0,e,0,c,d,0,f,0,p,0,0,0
0,0,0,g,0,e,0,a,b,0,f,0,o,0,0,0
0,0,0,m,n,e,0,c,d,0,f,v,u,0,0,0
0,0,0,l,0,e,0,a,b,0,f,0,t,0,0,0
0,0,0,k,0,e,0,c,d,0,f,0,s,0,0,0
0,0,0,i,j,e,0,a,b,0,f,r,q,0,0,0
0,0,0,h,0,e,0,c,d,0,f,0,p,0,0,0
0,0,0,g,0,e,0,a,b,0,f,0,o,0,0,0
0,0,0,m,n,e,0,c,d,0,f,v,u,0,0,0
0,0,0,l,0,e,0,a,b,0,f,0,t,0,0,0
0,0,0,k,0,e,0,c,d,0,f,0,s,0,0,0
0,0,0,i,j,e,0,a,b,0,f,r,q,0,0,0
0,0,0,h,0,e,0,c,d,0,f,0,p,0,0,0
0,0,0,g,0,e,0,a,b,0,f,0,o,0,0,0
0,0,0,0,0,e,0,c,d,0,f,0,0,0,0,0
NAME road 10
EXT 6,0 11 6,0
EXT 7,0 11 7,0
EXT 8,0 11 8,0
EXT 9,0 11 9,0
EXT 6,1 11 6,1
EXT 7,1 11 7,1
EXT 8,1 11 8,1
EXT 9,1 11 9,1
EXT 6,2 11 6,2
EXT 7,2 11 7,2
EXT 8,2 11 8,2
EXT 9,2 11 9,2
EXT 6,3 11 6,3
EXT 7,3 11 7,3
EXT 8,3 11 8,3
EXT 9,3 11 9,3
EXT 6,4 11 6,4
EXT 7,4 11 7,4
EXT 8,4 11 8,4
EXT 9,4 11 9,4
EXT 6,5 11 6,5
EXT 7,5 11 7,5
EXT 8,5 11 8,5
EXT 9,5 11 9,5
EXT 6,6 11 6,6
EXT 7,6 11 7,6
EXT 8,6 11 8,6
EXT 9,6 11 9,6
EXT 6,7 11 6,7
EXT 7,7 11 7,7
EXT 8,7 11 8,7
EXT 9,7 11 9,7
EXT 6,8 11 6,8
EXT 7,8 11 7,8
EXT 8,8 11 8,8
EXT 9,8 11 9,8
EXT 6,9 11 6,9
EXT 7,9 11 7,9
EXT 8,9 11 8,9
EXT 9,9 11 9,9
EXT 6,10 11 6,10
EXT 7,10 11 7,10
EXT 8,10 11 8,10
EXT 9,10 11 9,10
EXT 6,11 11 6,11
EXT 7,11 11 7,11
EXT 8,11 11 8,11
EXT 9,11 11 9,11
EXT 6,12 11 6,12
EXT 7,12 11 7,12
EXT 8,12 11 8,12
EXT 9,12 11 9,12
EXT 6,13 11 6,13
EXT 7,13 11 7,13
EXT 8,13 11 8,13
EXT 9,13 11 9,13
EXT 6,14 11 6,14
EXT 7,14 11 7,14
EXT 8,14 11 8,14
EXT 9,14 11 9,14
EXT 6,15 11 6,15
EXT 7,15 11 7,15
EXT 8,15 11 8,15
EXT 9,15 11 9,15
PAL 0

ROOM 11
0,0,0,i,j,e,0,a,b,0,f,r,q,0,0,0
0,0,0,h,0,e,0,c,d,0,f,0,p,0,0,0
0,0,0,g,0,e,0,a,b,0,f,0,o,0,0,0
0,0,0,m,n,e,0,c,d,0,f,v,u,0,0,0
0,0,0,l,0,e,0,a,b,0,f,0,t,0,0,0
0,0,0,k,0,e,0,c,d,0,f,0,s,0,0,0
0,0,0,i,j,e,0,a,b,0,f,r,q,0,0,0
0,0,0,h,0,e,0,c,d,0,f,0,p,0,0,0
0,0,0,g,0,e,0,a,b,0,f,0,o,0,0,0
0,0,0,m,n,e,0,c,d,0,f,v,u,0,0,0
0,0,0,l,0,e,0,a,b,0,f,0,t,0,0,0
0,0,0,k,0,e,0,c,d,0,f,0,s,0,0,0
0,0,0,i,j,e,0,a,b,0,f,r,q,0,0,0
0,0,0,h,0,e,0,c,d,0,f,0,p,0,0,0
0,0,0,g,0,e,0,a,b,0,f,0,o,0,0,0
0,0,0,0,0,e,0,c,d,0,f,0,0,0,0,0
NAME road 11
EXT 6,0 12 6,0
EXT 7,0 12 7,0
EXT 8,0 12 8,0
EXT 9,0 12 9,0
EXT 6,1 12 6,1
EXT 7,1 12 7,1
EXT 8,1 12 8,1
EXT 9,1 12 9,1
EXT 6,2 12 6,2
EXT 7,2 12 7,2
EXT 8,2 12 8,2
EXT 9,2 12 9,2
EXT 6,3 12 6,3
EXT 7,3 12 7,3
EXT 8,3 12 8,3
EXT 9,3 12 9,3
EXT 6,4 12 6,4
EXT 7,4 12 7,4
EXT 8,4 12 8,4
EXT 9,4 12 9,4
EXT 6,5 12 6,5
EXT 7,5 12 7,5
EXT 8,5 12 8,5
EXT 9,5 12 9,5
EXT 6,6 12 6,6
EXT 7,6 12 7,6
EXT 8,6 12 8,6
EXT 9,6 12 9,6
EXT 6,7 12 6,7
EXT 7,7 12 7,7
EXT 8,7 12 8,7
EXT 9,7 12 9,7
EXT 6,8 12 6,8
EXT 7,8 12 7,8
EXT 8,8 12 8,8
EXT 9,8 12 9,8
EXT 6,9 12 6,9
EXT 7,9 12 7,9
EXT 8,9 12 8,9
EXT 9,9 12 9,9
EXT 6,10 12 6,10
EXT 7,10 12 7,10
EXT 8,10 12 8,10
EXT 9,10 12 9,10
EXT 6,11 12 6,11
EXT 7,11 12 7,11
EXT 8,11 12 8,11
EXT 9,11 12 9,11
EXT 6,12 12 6,12
EXT 7,12 12 7,12
EXT 8,12 12 8,12
EXT 9,12 12 9,12
EXT 6,13 12 6,13
EXT 7,13 12 7,13
EXT 8,13 12 8,13
EXT 9,13 12 9,13
EXT 6,14 12 6,14
EXT 7,14 12 7,14
EXT 8,14 12 8,14
EXT 9,14 12 9,14
EXT 6,15 12 6,15
EXT 7,15 12 7,15
EXT 8,15 12 8,15
EXT 9,15 12 9,15
PAL 0

ROOM 12
0,0,0,i,j,e,0,a,b,0,f,r,q,0,0,0
0,0,0,h,0,e,0,c,d,0,f,0,p,0,0,0
0,0,0,g,0,e,0,a,b,0,f,0,o,0,0,0
0,0,0,m,n,e,0,c,d,0,f,v,u,0,0,0
0,0,0,l,0,e,0,a,b,0,f,0,t,0,0,0
0,0,0,k,0,e,0,c,d,0,f,0,s,0,0,0
0,0,0,i,j,e,0,a,b,0,f,r,q,0,0,0
0,0,0,h,0,e,0,c,d,0,f,0,p,0,0,0
0,0,0,g,0,e,0,a,b,0,f,0,o,0,0,0
0,0,0,m,n,e,0,c,d,0,f,v,u,0,0,0
0,0,0,l,0,e,0,a,b,0,f,0,t,0,0,0
0,0,0,k,0,e,0,c,d,0,f,0,s,0,0,0
0,0,0,i,j,e,0,a,b,0,f,r,q,0,0,0
0,0,0,h,0,e,0,c,d,0,f,0,p,0,0,0
0,0,0,g,0,e,0,a,b,0,f,0,o,0,0,0
0,0,0,0,0,e,0,c,d,0,f,0,0,0,0,0
NAME road 12
EXT 6,0 13 6,0
EXT 7,0 13 7,0
EXT 8,0 13 8,0
EXT 9,0 13 9,0
EXT 6,1 13 6,1
EXT 7,1 13 7,1
EXT 8,1 13 8,1
EXT 9,1 13 9,1
EXT 6,2 13 6,2
EXT 7,2 13 7,2
EXT 8,2 13 8,2
EXT 9,2 13 9,2
EXT 6,3 13 6,3
EXT 7,3 13 7,3
EXT 8,3 13 8,3
EXT 9,3 13 9,3
EXT 6,4 13 6,4
EXT 7,4 13 7,4
EXT 8,4 13 8,4
EXT 9,4 13 9,4
EXT 6,5 13 6,5
EXT 7,5 13 7,5
EXT 8,5 13 8,5
EXT 9,5 13 9,5
EXT 6,6 13 6,6
EXT 7,6 13 7,6
EXT 8,6 13 8,6
EXT 9,6 13 9,6
EXT 6,7 13 6,7
EXT 7,7 13 7,7
EXT 8,7 13 8,7
EXT 9,7 13 9,7
EXT 6,8 13 6,8
EXT 7,8 13 7,8
EXT 8,8 13 8,8
EXT 9,8 13 9,8
EXT 6,9 13 6,9
EXT 7,9 13 7,9
EXT 8,9 13 8,9
EXT 9,9 13 9,9
EXT 6,10 13 6,10
EXT 7,10 13 7,10
EXT 8,10 13 8,10
EXT 9,10 13 9,10
EXT 6,11 13 6,11
EXT 7,11 13 7,11
EXT 8,11 13 8,11
EXT 9,11 13 9,11
EXT 6,12 13 6,12
EXT 7,12 13 7,12
EXT 8,12 13 8,12
EXT 9,12 13 9,12
EXT 6,13 13 6,13
EXT 7,13 13 7,13
EXT 8,13 13 8,13
EXT 9,13 13 9,13
EXT 6,14 13 6,14
EXT 7,14 13 7,14
EXT 8,14 13 8,14
EXT 9,14 13 9,14
EXT 6,15 13 6,15
EXT 7,15 13 7,15
EXT 8,15 13 8,15
EXT 9,15 13 9,15
PAL 0

ROOM 13
0,0,0,i,j,e,0,a,b,0,f,r,q,0,0,0
0,0,0,h,0,e,0,c,d,0,f,0,p,0,0,0
0,0,0,g,0,e,0,a,b,0,f,0,o,0,0,0
0,0,0,m,n,e,0,c,d,0,f,v,u,0,0,0
0,0,0,l,0,e,0,a,b,0,f,0,t,0,0,0
0,0,0,k,0,e,0,c,d,0,f,0,s,0,0,0
0,0,0,i,j,e,0,a,b,0,f,r,q,0,0,0
0,0,0,h,0,e,0,c,d,0,f,0,p,0,0,0
0,0,0,g,0,e,0,a,b,0,f,0,o,0,0,0
0,0,0,m,n,e,0,c,d,0,f,v,u,0,0,0
0,0,0,l,0,e,0,a,b,0,f,0,t,0,0,0
0,0,0,k,0,e,0,c,d,0,f,0,s,0,0,0
0,0,0,i,j,e,0,a,b,0,f,r,q,0,0,0
0,0,0,h,0,e,0,c,d,0,f,0,p,0,0,0
0,0,0,g,0,e,0,a,b,0,f,0,o,0,0,0
0,0,0,0,0,e,0,c,d,0,f,0,0,0,0,0
NAME road 13
EXT 6,0 14 6,0
EXT 7,0 14 7,0
EXT 8,0 14 8,0
EXT 9,0 14 9,0
EXT 6,1 14 6,1
EXT 7,1 14 7,1
EXT 8,1 14 8,1
EXT 9,1 14 9,1
EXT 6,2 14 6,2
EXT 7,2 14 7,2
EXT 8,2 14 8,2
EXT 9,2 14 9,2
EXT 6,3 14 6,3
EXT 7,3 14 7,3
EXT 8,3 14 8,3
EXT 9,3 14 9,3
EXT 6,4 14 6,4
EXT 7,4 14 7,4
EXT 8,4 14 8,4
EXT 9,4 14 9,4
EXT 6,5 14 6,5
EXT 7,5 14 7,5
EXT 8,5 14 8,5
EXT 9,5 14 9,5
EXT 6,6 14 6,6
EXT 7,6 14 7,6
EXT 8,6 14 8,6
EXT 9,6 14 9,6
EXT 6,7 14 6,7
EXT 7,7 14 7,7
EXT 8,7 14 8,7
EXT 9,7 14 9,7
EXT 6,8 14 6,8
EXT 7,8 14 7,8
EXT 8,8 14 8,8
EXT 9,8 14 9,8
EXT 6,9 14 6,9
EXT 7,9 14 7,9
EXT 8,9 14 8,9
EXT 9,9 14 9,9
EXT 6,10 14 6,10
EXT 7,10 14 7,10
EXT 8,10 14 8,10
EXT 9,10 14 9,10
EXT 6,11 14 6,11
EXT 7,11 14 7,11
EXT 8,11 14 8,11
EXT 9,11 14 9,11
EXT 6,12 14 6,12
EXT 7,12 14 7,12
EXT 8,12 14 8,12
EXT 9,12 14 9,12
EXT 6,13 14 6,13
EXT 7,13 14 7,13
EXT 8,13 14 8,13
EXT 9,13 14 9,13
EXT 6,14 14 6,14
EXT 7,14 14 7,14
EXT 8,14 14 8,14
EXT 9,14 14 9,14
EXT 6,15 14 6,15
EXT 7,15 14 7,15
EXT 8,15 14 8,15
EXT 9,15 14 9,15
PAL 0

ROOM 14
0,0,0,i,j,e,0,a,b,0,f,r,q,0,0,0
0,0,0,h,0,e,0,c,d,0,f,0,p,0,0,0
0,0,0,g,0,e,0,a,b,0,f,0,o,0,0,0
0,0,0,m,n,e,0,c,d,0,f,v,u,0,0,0
0,0,0,l,0,e,0,a,b,0,f,0,t,0,0,0
0,0,0,k,0,e,0,c,d,0,f,0,s,0,0,0
0,0,0,i,j,e,0,a,b,0,f,r,q,0,0,0
0,0,0,h,0,e,0,c,d,0,f,0,p,0,0,0
0,0,0,g,0,e,0,a,b,0,f,0,o,0,0,0
0,0,0,m,n,e,0,c,d,0,f,v,u,0,0,0
0,0,0,l,0,e,0,a,b,0,f,0,t,0,0,0
0,0,0,k,0,e,0,c,d,0,f,0,s,0,0,0
0,0,0,i,j,e,0,a,b,0,f,r,q,0,0,0
0,0,0,h,0,e,0,c,d,0,f,0,p,0,0,0
0,0,0,g,0,e,0,a,b,0,f,0,o,0,0,0
0,0,0,0,0,e,0,c,d,0,f,0,0,0,0,0
NAME road 14
EXT 6,0 15 6,0
EXT 7,0 15 7,0
EXT 8,0 15 8,0
EXT 9,0 15 9,0
EXT 6,1 15 6,1
EXT 7,1 15 7,1
EXT 8,1 15 8,1
EXT 9,1 15 9,1
EXT 6,2 15 6,2
EXT 7,2 15 7,2
EXT 8,2 15 8,2
EXT 9,2 15 9,2
EXT 6,3 15 6,3
EXT 7,3 15 7,3
EXT 8,3 15 8,3
EXT 9,3 15 9,3
EXT 6,4 15 6,4
EXT 7,4 15 7,4
EXT 8,4 15 8,4
EXT 9,4 15 9,4
EXT 6,5 15 6,5
EXT 7,5 15 7,5
EXT 8,5 15 8,5
EXT 9,5 15 9,5
EXT 6,6 15 6,6
EXT 7,6 15 7,6
EXT 8,6 15 8,6
EXT 9,6 15 9,6
EXT 6,7 15 6,7
EXT 7,7 15 7,7
EXT 8,7 15 8,7
EXT 9,7 15 9,7
EXT 6,8 15 6,8
EXT 7,8 15 7,8
EXT 8,8 15 8,8
EXT 9,8 15 9,8
EXT 6,9 15 6,9
EXT 7,9 15 7,9
EXT 8,9 15 8,9
EXT 9,9 15 9,9
EXT 6,10 15 6,10
EXT 7,10 15 7,10
EXT 8,10 15 8,10
EXT 9,10 15 9,10
EXT 6,11 15 6,11
EXT 7,11 15 7,11
EXT 8,11 15 8,11
EXT 9,11 15 9,11
EXT 6,12 15 6,12
EXT 7,12 15 7,12
EXT 8,12 15 8,12
EXT 9,12 15 9,12
EXT 6,13 15 6,13
EXT 7,13 15 7,13
EXT 8,13 15 8,13
EXT 9,13 15 9,13
EXT 6,14 15 6,14
EXT 7,14 15 7,14
EXT 8,14 15 8,14
EXT 9,14 15 9,14
EXT 6,15 15 6,15
EXT 7,15 15 7,15
EXT 8,15 15 8,15
EXT 9,15 15 9,15
PAL 0

ROOM 15
0,0,0,i,j,e,0,a,b,0,f,r,q,0,0,0
0,0,0,h,0,e,0,c,d,0,f,0,p,0,0,0
0,0,0,g,0,e,0,a,b,0,f,0,o,0,0,0
0,0,0,m,n,e,0,c,d,0,f,v,u,0,0,0
0,0,0,l,0,e,0,a,b,0,f,0,t,0,0,0
0,0,0,k,0,e,0,c,d,0,f,0,s,0,0,0
0,0,0,i,j,e,0,a,b,0,f,r,q,0,0,0
0,0,0,h,0,e,0,c,d,0,f,0,p,0,0,0
0,0,0,g,0,e,0,a,b,0,f,0,o,0,0,0
0,0,0,m,n,e,0,c,d,0,f,v,u,0,0,0
0,0,0,l,0,e,0,a,b,0,f,0,t,0,0,0
0,0,0,k,0,e,0,c,d,0,f,0,s,0,0,0
0,0,0,i,j,e,0,a,b,0,f,r,q,0,0,0
0,0,0,h,0,e,0,c,d,0,f,0,p,0,0,0
0,0,0,g,0,e,0,a,b,0,f,0,o,0,0,0
0,0,0,0,0,e,0,c,d,0,f,0,0,0,0,0
NAME road 15
EXT 6,0 16 6,0
EXT 7,0 16 7,0
EXT 8,0 16 8,0
EXT 9,0 16 9,0
EXT 6,1 16 6,1
EXT 7,1 16 7,1
EXT 8,1 16 8,1
EXT 9,1 16 9,1
EXT 6,2 16 6,2
EXT 7,2 16 7,2
EXT 8,2 16 8,2
EXT 9,2 16 9,2
EXT 6,3 16 6,3
EXT 7,3 16 7,3
EXT 8,3 16 8,3
EXT 9,3 16 9,3
EXT 6,4 16 6,4
EXT 7,4 16 7,4
EXT 8,4 16 8,4
EXT 9,4 16 9,4
EXT 6,5 16 6,5
EXT 7,5 16 7,5
EXT 8,5 16 8,5
EXT 9,5 16 9,5
EXT 6,6 16 6,6
EXT 7,6 16 7,6
EXT 8,6 16 8,6
EXT 9,6 16 9,6
EXT 6,7 16 6,7
EXT 7,7 16 7,7
EXT 8,7 16 8,7
EXT 9,7 16 9,7
EXT 6,8 16 6,8
EXT 7,8 16 7,8
EXT 8,8 16 8,8
EXT 9,8 16 9,8
EXT 6,9 16 6,9
EXT 7,9 16 7,9
EXT 8,9 16 8,9
EXT 9,9 16 9,9
EXT 6,10 16 6,10
EXT 7,10 16 7,10
EXT 8,10 16 8,10
EXT 9,10 16 9,10
EXT 6,11 16 6,11
EXT 7,11 16 7,11
EXT 8,11 16 8,11
EXT 9,11 16 9,11
EXT 6,12 16 6,12
EXT 7,12 16 7,12
EXT 8,12 16 8,12
EXT 9,12 16 9,12
EXT 6,13 16 6,13
EXT 7,13 16 7,13
EXT 8,13 16 8,13
EXT 9,13 16 9,13
EXT 6,14 16 6,14
EXT 7,14 16 7,14
EXT 8,14 16 8,14
EXT 9,14 16 9,14
EXT 6,15 16 6,15
EXT 7,15 16 7,15
EXT 8,15 16 8,15
EXT 9,15 16 9,15
PAL 0

ROOM 16
0,0,0,i,j,e,0,a,b,0,f,r,q,0,0,0
0,0,0,h,0,e,0,c,d,0,f,0,p,0,0,0
0,0,0,g,0,e,0,a,b,0,f,0,o,0,0,0
0,0,0,m,n,e,0,c,d,0,f,v,u,0,0,0
0,0,0,l,0,e,0,a,b,0,f,0,t,0,0,0
0,0,0,k,0,e,0,c,d,0,f,0,s,0,0,0
0,0,0,i,j,e,0,a,b,0,f,r,q,0,0,0
0,0,0,h,0,e,0,c,d,0,f,0,p,0,0,0
0,0,0,g,0,e,0,a,b,0,f,0,o,0,0,0
0,0,0,m,n,e,0,c,d,0,f,v,u,0,0,0
0,0,0,l,0,e,0,a,b,0,f,0,t,0,0,0
0,0,0,k,0,e,0,c,d,0,f,0,s,0,0,0
0,0,0,i,j,e,0,a,b,0,f,r,q,0,0,0
0,0,0,h,0,e,0,c,d,0,f,0,p,0,0,0
0,0,0,g,0,e,0,a,b,0,f,0,o,0,0,0
0,0,0,0,0,e,0,c,d,0,f,0,0,0,0,0
NAME road 16
PAL 0
